"5htr1b" "5htr1bchag80" "58e02" "58e02thg80" "c061" "hl8" "mb025b" "mb032b" "mb056b" "mb058b" "mb060b" "mb065b" "mb109b" "mb299c" "mb301b" "mb304b" "mb315c" "mb438b" "mb439b" "mz19" "mz19chag80" "mz840" "mz840np6510" "NorpAChrimson" "NorpAChrimsonCo" "np47" "np47chag80" "np1528" "np2758" "np5272" "np5272mz840" "np6510" "np6510np5272" "or42b" "or42bCo" "thc1" "thd1" "thd4" "thdprime" "thf1" "thf2" "thf3" "thg1" "thg4chag80" "thg4thg80" "trpa1gr28bd" "trpa1gr28bdCo" "trpa1Gr28bd_mutants"
"1" 0.06401 NA 0.2196 -0.03169 -0.006743 0.2846 0.009181 -0.1087 -0.1313 NA 0.1048 0.08564 0.04521 NA -0.1058 NA -0.03373 -0.4009 -0.4504 -0.3824 -0.1272 NA -0.03484 -0.02657 -0.01288 -0.4952 -0.0777 -0.1054 -0.2771 -0.06375 NA -0.1948 -0.1231 -0.14 0.1489 -0.1213 0.2899 NA -0.01987 -0.06202 -0.06447 -0.113 0.2146 -0.004319 -0.04443 -0.2303 -0.005383 NA
"2" 0.09194 NA 0.07729 0.2014 -0.1354 0.3622 -0.07117 -0.2593 -0.1101 0.1957 -0.005356 0.3931 -0.09794 NA -0.2814 0.01064 0.07105 0.03884 0.09797 -0.05873 -0.1426 -0.2136 -0.02347 -0.008915 0.1503 -0.1161 -0.02412 -0.1725 -0.2895 -0.01236 NA 0.04209 -0.08207 0.1831 0.1822 0.01593 0.1733 NA -0.259 0.2928 0.2027 0.2223 0.105 -0.146 0.09754 -0.357 0.01521 0.01651
"3" -0.04685 NA 0.2358 -0.06564 -0.08859 0.2884 0.06667 -0.06632 0.05236 -0.1496 0.07827 0.1672 -0.09399 NA 0.01912 NA 0.2244 -0.1698 0.3499 -0.2146 -0.1974 NA 0.06937 -0.3515 -0.1098 0.1437 -0.2487 -0.07283 -0.249 -0.3151 -0.748 0.1561 0.07323 -0.0446 0.02399 -0.04849 0.1856 NA -0.2375 0.1803 0.2208 0.161 0.114 -0.06537 -0.1584 -0.3675 0.1075 0.6622
"4" -0.1071 NA -0.1993 0.09345 -0.05413 0.1849 -0.02598 0.1213 0.00446 -0.1321 0.5532 0.07374 -0.04433 0.1554 -0.01929 NA 0.04046 NA -0.2076 0.02572 -0.3686 -0.07042 -0.05955 -0.0801 -0.5943 5.728e-05 0.152 0.0256 -0.1039 -0.1464 -0.2418 -0.6286 -0.2639 -0.002967 0.02025 -0.059 0.1793 0.08681 -0.02418 -0.01948 0.1692 0.1116 0.02001 0.09153 0.1516 -0.6218 0.08892 0.3072
"5" 0.005128 0.516 0.02602 0.1445 -0.0417 0.2809 -0.123 0.1814 0.06868 0.06223 0.04567 0.09288 -0.1228 -0.1367 0.0916 -0.2511 -0.04547 -0.1798 -0.2041 -0.2185 -0.07686 -0.1219 -0.1679 -0.02398 0.1205 -0.5835 -0.1141 -0.1101 -0.4458 -0.3268 -0.3076 -0.3683 -0.04063 -0.2062 0.01257 -0.0208 0.3741 0.1804 0.1303 0.09652 0.07143 -0.01758 0.02747 0.04299 -0.01518 -0.2044 -0.02661 -0.2924
"6" 0.1944 0.18 -0.04575 -0.02341 -0.197 0.542 -0.1921 0.1055 -0.03749 -0.1836 0.08363 0.3935 -0.02162 NA -0.08222 0.04391 0.03514 -0.3392 -0.0126 -0.1486 -0.3064 -0.1303 -0.07056 0.02826 0.2393 0.2583 0.1477 -0.1328 0.07865 -0.3685 -0.09676 -0.03643 -0.3478 -0.2059 -0.07093 -0.04892 -0.2825 0.1672 -0.004562 -0.007526 0.1042 0.09773 -0.05869 -0.1645 -0.04101 -0.2377 0.09998 -0.2019
"7" 0.2887 0.1235 0.0521 -0.07071 -0.2692 0.1797 0.4088 -0.1276 0.1019 0.07535 0.4709 0.1435 -0.007608 0.2633 -0.0457 -0.1104 0.04009 0.09341 -0.0454 -0.4037 -0.1502 -0.07038 -0.59 -0.03275 -0.257 -0.04427 -0.1911 -0.3148 -0.9348 0.02896 -0.3087 -0.1174 -0.004676 -0.3647 0.2728 0.07789 0.2835 -0.05671 -0.169 0.2574 0.3249 0.2672 0.1353 -0.08047 0.003591 -0.3755 0.09329 -0.2079
"8" -0.08636 0.5242 -0.09755 -0.1173 -0.06864 0.2968 0.02487 -0.02718 -0.1367 0.09998 0.01713 -0.02031 0.02004 0.009059 0.03238 -0.09045 0.07476 0.1391 -0.02673 -0.1436 -0.518 0.2695 0.06685 0.01411 -0.2556 0.03815 -0.3894 -0.1169 0.06742 -0.314 -0.04031 -0.08531 -0.08608 -0.01918 0.2696 -0.01421 0.2508 0.235 -0.04517 0.0694 0.1014 0.2943 -0.07433 -0.05132 0.07734 -0.1357 -0.03137 -0.3223
"9" -0.07224 0.004005 0.03926 0.33 -0.1557 0.2108 -0.1805 -0.05517 0.1704 -0.1226 0.1467 0.1719 -0.02205 -0.2409 -0.06342 0.2344 -0.03938 0.5184 -0.002586 -0.2126 -0.1421 0.4211 0.2498 0.004379 0.2256 0.08271 -0.1359 -0.05955 -0.036 -0.1251 -0.6275 0.06612 -0.0337 0.3331 -0.0592 0.07193 -0.006274 0.2592 -0.02872 0.2207 0.02848 0.05388 0.27 -0.1095 -0.08494 -0.5647 0.06493 0.04718
"10" 0.1072 -0.05213 0.09402 0.2039 -0.2067 0.4058 -0.1335 0.05067 0.1205 -0.05601 0.2498 0.1394 -0.3681 0.2524 0.09241 -0.06277 -0.03726 -0.007725 0.3796 -0.2008 -0.2659 -0.2665 -0.3733 0.07678 0.242 -0.3397 0.1179 -0.1318 -0.315 0.06056 -0.01213 -0.09604 -0.04024 -0.09741 -0.08512 0.1094 0.2539 0.106 0.401 0.3055 -0.07864 0.2165 0.04113 0.07458 -0.05896 -0.3034 0.4501 -0.09712
"11" 0.09635 0.2137 -0.2396 0.09577 -0.04353 0.3104 0.123 -0.1066 0.2222 0.1229 0.1192 0.2044 -0.1585 0.2182 0.3311 NA 0.05554 -0.4617 0.1983 -0.2616 -0.09455 -0.1405 -0.2094 0.01042 -0.03683 -0.155 -0.4513 -0.2555 -0.1724 -0.1214 -0.4989 -0.1331 -0.3196 -0.01112 -0.06474 -0.01141 0.1694 0.1786 0.1563 0.08664 0.09295 -0.07859 0.01952 0.2425 0.03432 -0.8732 0.2115 -0.1431
"12" 0.006932 0.3348 0.1116 0.1891 -0.1924 0.4416 -0.1533 0.1014 0.1387 0.1274 0.1447 0.204 -0.4728 -0.04339 0.08801 0.01503 0.07604 0.01497 -0.08457 -0.1638 -0.3992 0.1214 -0.01729 -0.107 -0.1181 -0.06332 0.05976 -0.2552 -0.3954 -0.1199 -0.2204 -0.05326 0.03803 0.05866 0.1436 0.02616 0.2006 0.07251 0.05547 0.265 0.2264 0.2672 -0.0447 0.1085 0.1496 -0.4762 0.03279 -0.1791
"13" -0.01055 0.09782 0.06956 0.2392 -0.233 0.2043 -0.06329 -0.2938 0.2115 -0.00667 0.2722 0.3064 -0.01754 0.2058 -0.06339 -0.05056 -0.01259 -0.1134 -0.002101 -0.2684 -0.4353 -0.02066 -0.1064 0.02808 0.2096 -0.2616 -0.3472 0.0006587 0.2262 -0.1485 -0.6605 -0.04389 -0.3067 0.1462 0.01859 0.04227 0.1028 0.2732 0.004734 0.004016 0.2646 0.1417 0.161 0.04177 0.1772 -0.5223 0.2486 -0.02346
"14" 0.1322 0.2327 -0.1461 0.374 -0.1933 0.3036 -0.009695 -0.1809 0.128 -0.0997 0.08641 0.06918 -0.117 -0.09304 -0.06893 0.09427 0.02979 -0.2664 -0.09452 -0.2598 -0.3869 -0.06072 0.1167 0.037 0.06884 -0.1194 -0.2418 -0.1958 -0.0872 -0.1241 -0.5551 -0.4228 -0.404 0.09551 0.1523 -0.02604 0.1699 -0.0487 -0.02809 0.04486 0.07932 0.2712 -0.1834 -0.009811 0.1745 -0.8039 0.1576 -0.1644
"15" 0.06165 0.1722 -0.1985 -0.09285 -0.4455 0.3251 -0.05779 -0.1666 -0.1167 -0.2179 0.2127 0.2057 -0.0775 0.284 0.01215 0.0168 -0.08087 0.09691 0.168 -0.2924 -0.3826 -0.1579 -0.3164 0.07684 -0.2996 -0.4501 0.05967 -0.2177 -0.678 -0.1423 0.07925 -0.1565 -0.2633 0.1565 0.04034 0.05921 -0.2184 0.1117 -0.08203 -0.02308 0.1358 0.1738 -0.1472 0.02377 -0.1152 -0.1096 -0.03876 0.006236
"16" 0.06775 0.3831 -0.304 -0.1407 -0.2253 0.4027 0.2052 -0.2221 -0.06887 0.04746 -0.2966 -0.2663 0.1699 0.2353 0.1561 0.01816 -0.05738 -0.1536 -0.1043 -0.1641 -0.3168 0.09451 -0.3066 -0.04726 0.221 -0.2996 0.002832 -0.04488 0.4098 -0.5274 -0.2782 -0.01526 -0.08179 -0.4318 0.1345 0.09688 0.3004 0.1324 -0.06283 -0.1632 -0.004156 0.2495 -0.074 -0.0141 -0.1025 -0.7255 -0.1243 -0.1443
"17" -0.03501 0.5619 -0.09126 0.499 -0.1709 0.1021 -0.0817 -0.1626 0.2272 -0.3036 0.0802 0.2161 -0.05131 -0.2707 -0.1192 -0.1953 0.1156 0.3816 0.3108 -0.1439 -0.1521 -0.1843 -0.02075 -0.09046 0.03744 -0.3051 -0.374 0.1648 -0.3198 -0.3856 -0.7716 -0.1303 -0.2193 -0.05515 0.1224 -0.04388 -0.01402 0.05693 0.1739 0.4097 0.04608 -0.07164 0.2323 -0.1111 -0.02988 -0.2058 0.1321 -0.2922
"18" 0.06534 -0.0916 0.02046 0.2038 -0.243 0.2172 -0.164 -0.1681 -0.1481 -0.1947 0.03856 0.472 0.007651 0.04492 0.09955 0.1686 -0.05573 0.1897 0.01449 -0.0723 -0.3615 -0.1452 0.1397 -0.1261 0.04211 0.09502 -0.03514 -0.0801 0.2557 -0.06167 -0.0664 -0.1764 -0.2493 -0.2807 0.238 0.1001 0.03464 0.1216 -0.07771 0.1079 -0.07681 0.08348 -0.0224 -0.01234 0.003965 -0.1832 0.07327 -0.1197
"19" 0.1448 NA 0.2041 0.09014 -0.05647 0.3088 0.2639 -0.2521 -0.03925 -0.009228 0.1966 0.01625 0.04552 NA -0.4372 -0.006668 0.122 -0.1814 -0.13 -0.2869 0.0682 0.001241 0.4764 0.09287 -0.2308 -0.245 -0.234 -0.09768 -0.3189 -0.3852 -0.1485 0.01334 0.1101 -0.2828 -0.014 0.02263 0.2644 NA -0.1297 0.1328 0.05346 -0.03212 0.09051 -0.06387 -0.1449 -0.5237 0.1177 0.2154
"20" -0.1545 NA 0.05111 0.1076 0.05221 0.476 0.2928 0.2412 0.1411 NA 0.09692 0.2572 -0.07115 NA 0.2683 -0.2432 -0.01466 0.00909 -0.1294 -0.1469 -0.1648 -0.4954 -0.09041 0.08904 -0.08723 -0.05023 0.02083 -0.05333 -0.48 -0.7489 NA 0.09539 -0.1246 -0.2897 0.05176 0.01434 -0.04607 NA -0.3258 0.09683 0.1337 0.1809 0.1184 0.06869 -0.003205 -0.586 -0.04143 -0.06647
"21" 0.05744 NA -0.1695 0.1831 -0.1619 0.4981 -0.1239 -0.31 0.02222 NA 0.07941 -0.02117 -0.1062 NA 0.2992 0.1385 0.01488 0.4413 -0.2506 -0.183 -0.2425 0.06385 -0.3423 0.09015 0.008408 -0.221 -0.1736 -0.08903 -0.2003 -0.01252 -0.8214 0.2721 -0.2022 -0.2428 0.2394 0.1082 0.1676 NA -0.0573 0.4322 0.1334 0.1475 -0.04683 0.05756 -0.07738 -0.5102 0.2425 -0.3325
"22" 0.01514 NA 0.07428 0.3901 NA NA NA -0.005392 -0.3813 NA 0.07589 -0.08858 0.1188 NA NA NA 0.169 -0.9187 0.1576 0.01983 -0.1017 NA 0.07837 0.3824 NA -0.1255 -0.3038 NA 0.02627 -0.2046 -0.4092 -0.1475 0.1426 -0.238 -0.1175 0.3868 -0.05829 -0.04476 -0.09671 0.05217 NA 0.09504 -0.1247 0.1968 -0.05312 -0.4838 0.4873 NA
"23" 0.03544 NA -0.03098 0.1783 -0.1647 0.2835 0.1276 -0.2764 -0.1306 NA 0.2134 0.1437 0.05521 NA 0.1481 NA 0.2015 0.09136 -0.006072 -0.1332 -0.1994 -0.07058 -0.3743 -0.0005846 -0.5375 0.1043 -0.4533 0.4591 -0.3171 -0.5263 -0.1501 -0.06903 -0.2331 0.1194 0.3406 -0.0521 0.4219 0.07227 0.06551 -0.2103 0.1917 0.03321 0.09114 -0.0151 -0.01442 -0.3146 -0.01778 NA
"24" -0.02496 NA 0.03778 0.126 -0.5011 0.2971 -0.339 -0.2446 0.1705 -0.2653 -0.09989 -0.1797 -0.09235 NA 0.7781 NA -0.02388 -0.3784 0.3756 -0.2633 -0.6312 NA -0.09135 -0.1923 0.1345 0.2398 -0.08304 -0.1339 0.2655 NA -0.3621 -0.237 -0.2446 0.1366 -0.1493 -0.02834 -0.003531 NA -0.1955 0.1559 0.07002 0.08146 -1 0.1311 -0.02948 0.06964 0.07842 -0.1798
"25" -0.01179 NA -0.1401 0.09745 -0.1599 0.1182 0.02417 0.5521 -0.03339 -0.008105 0.1461 0.2666 0.3415 NA 0.1646 -0.04736 -0.06892 NA -0.1902 -0.04592 0.01954 -0.1465 -0.04049 -0.1242 0.005098 0.473 -0.03385 -0.1174 0.0573 0.007106 -0.4272 -0.2373 -0.316 -0.2334 -0.02857 0.01146 -0.01742 NA -0.2612 0.02228 0.07369 -0.03778 0.003747 0.1649 -0.003877 0.2823 0.1252 -0.03422
"26" 0.08607 NA -0.1065 0.2692 -0.2751 0.371 0.133 -0.4162 0.0425 0.1684 0.28 0.01333 -0.3362 NA 0.06959 NA 0.1163 0.1941 -0.02355 -0.179 -0.0953 -0.04113 -0.1422 0.00207 0.0689 0.0318 0.08799 -0.1851 -0.4125 -0.03318 -0.2051 0.2306 -0.08155 -0.06905 0.2383 0.02094 0.1231 -0.005735 0.05016 0.5859 -0.001897 -0.1877 -0.1577 -0.08443 -0.00135 -0.5179 0.08447 -0.197
"27" -0.02386 0.05372 0.008708 0.2914 -0.03536 0.2844 0.4947 0.1195 -0.02842 -0.2563 0.1246 0.1296 -0.259 0.1148 0.2458 0.2296 0.08551 -0.1554 0.03856 -0.1632 -0.1496 -0.1678 0.03657 -0.01997 -0.05663 -0.1604 -0.03933 0.06108 -0.282 0.2032 -0.145 -0.3546 -0.2367 -0.15 0.1876 0.0522 0.1741 -0.02574 -0.08778 0.628 0.02852 0.01761 0.1117 0.1623 -0.002462 -0.4743 -0.0168 0.001801
"28" 0.03889 -0.1617 0.03906 0.0578 -0.3614 0.1737 -0.06261 0.1494 0.3161 -0.4541 0.1297 0.1429 -0.06905 0.004088 0.2854 -0.6254 -0.1139 -0.1637 0.197 -0.1874 -0.2425 0.02781 0.01461 0.0525 0.008222 0.09446 0.1551 -0.0501 -0.1652 -0.05578 -0.08694 -0.1566 -0.1192 0.1135 0.1097 0.1537 0.1597 0.03736 -0.2299 0.1242 0.02924 0.1956 -0.04274 -0.05034 0.06105 -0.6674 0.08982 -0.1986
"29" -0.0145 0.1226 -0.05393 0.5475 -0.08447 0.3177 0.3142 -0.2884 0.1044 0.2574 0.08483 0.2375 0.1189 0.141 0.1476 -0.000217 -0.05273 0.2747 0.1566 -0.1211 -0.3489 -0.1131 -0.06487 0.02296 -0.09442 -0.1529 -0.1531 -0.1262 -0.5271 0.1258 -0.2273 -0.3397 -0.3685 0.07625 0.03277 -0.03262 0.09614 0.08119 -0.06426 -0.2414 -0.05727 0.1806 -0.003466 -0.04483 0.04246 -0.3141 0.02219 0.2081
"30" 0.03563 0.1822 0.1456 0.1346 -0.2385 0.3254 -0.06564 -0.09869 -0.01156 -0.1236 0.3052 -0.03055 -0.2893 0.03148 0.1979 0.08559 0.04425 -0.6697 -0.4777 -0.08102 -0.3733 -0.2372 0.2561 -0.1381 -0.2269 -0.05475 0.09007 -0.0007105 -0.04857 -0.2932 -0.232 -0.04982 -0.06016 0.01103 0.4194 -0.08189 0.02293 -0.3095 0.07008 0.3185 -0.1378 0.001512 -0.2198 0.1759 -0.003344 -0.4513 -0.06441 -0.3457
"31" 0.03834 0.1369 0.03071 -0.1803 -0.01737 0.1059 -0.1414 -0.1862 -0.3666 0.07099 -0.01158 0.1165 0.1817 0.1753 -0.1518 NA 0.2284 -0.0833 -0.1558 0.007396 -0.2426 0.01213 -0.03771 -0.07695 -0.009471 -0.007869 -0.7679 0.07628 -0.009363 -0.0637 -0.4004 -0.3987 -0.04865 0.09921 0.09212 -0.0853 0.265 0.0571 -0.03905 0.2182 -0.0125 0.2513 -0.09684 0.1967 -0.07354 -0.362 -0.1203 -0.3556
"32" -0.01142 0.553 0.2455 0.0417 -0.02811 0.2983 -0.2575 0.01856 0.2083 -0.3602 0.057 -0.02134 -0.1987 -0.1037 -0.06227 0.05572 -0.4552 -0.06963 -0.2268 -0.2472 -0.212 -0.3872 -0.06464 0.1139 0.3671 -0.2734 -0.1083 -0.6458 0.08295 -0.2429 -0.1881 -0.2537 -0.05402 -0.215 -0.1607 -0.004475 -0.3277 0.05026 -0.08968 -0.1061 0.1309 -0.04999 0.3883 0.001981 0.134 -0.1809 0.1135 -0.1666
"33" -0.1151 0.432 -0.4573 0.5382 -0.1022 0.4362 0.4643 0.1911 0.1956 -0.1109 0.08267 -0.07455 -0.01184 -0.01419 0.07001 0.2093 -0.03782 0.001943 -0.2815 -0.0936 0.1211 -0.2306 -0.02666 0.002645 0.344 -0.3529 -0.1391 -0.06751 -0.3322 0.0768 -0.116 -0.1242 -0.2057 0.1534 0.1594 -0.04766 0.1252 0.09497 -0.008118 0.01289 -0.1071 -0.009988 0.05544 0.1324 0.01111 -0.08637 0.05072 -0.4291
"34" 0.1217 0.5599 -0.08006 0.09605 0.08538 0.1416 -0.1441 0.1222 0.1896 -0.1423 -0.05935 0.2646 -0.06401 -0.03251 0.2312 0.05522 0.1203 -0.5515 -0.3332 -0.06445 0.01178 0.2398 -0.01446 0.0625 0.2898 -0.2949 0.003206 -0.01936 0.1104 -0.1195 -0.2295 0.08176 -0.3187 0.1826 -0.03488 -0.02741 0.08219 0.04803 -0.2447 0.09371 -0.2644 0.04127 0.08489 -0.01637 0.0278 0.06061 -0.03808 -0.2801
"35" -0.03716 0.4218 0.1532 0.271 -0.05375 0.0079 -0.1641 -0.01936 -0.115 0.03143 0.1341 0.1394 -0.3387 0.01312 0.5274 -0.01448 0.07653 -0.2873 -0.3053 0.003172 -0.2981 -0.1103 -0.1599 -0.04724 0.09304 -0.316 -0.09157 -6.353e-05 -0.2565 -0.1047 -0.01286 -0.096 -0.02958 0.06657 0.001572 0.05204 0.2331 -0.06427 -0.004356 -0.1926 0.1154 -0.07832 -0.07536 -0.04145 0.02551 -0.5272 0.01962 0.03074
"36" 0.2314 0.266 -0.1999 0.0879 -0.1923 0.1824 -0.2292 0.02044 0.0288 0.2957 0.01536 -0.3444 -0.01141 -0.074 0.02399 -0.9352 -0.003496 -0.3035 0.2356 -0.218 -0.2199 -0.3482 -0.2134 -0.04408 -0.04195 0.0745 0.02337 -0.1994 -0.0993 -0.1716 -0.8134 0.1107 -0.151 -0.4743 0.104 0.03659 0.3373 NA -0.07464 -0.2633 0.1131 -0.03331 0.1308 0.04103 0.009629 -0.4048 0.03669 0.01115
"37" 0.1806 0.03983 0.06396 0.3121 -0.017 0.3089 -0.5302 -0.2358 -0.2931 0.3223 0.0261 0.1979 -0.0452 0.4375 0.2121 0.1955 0.05604 -0.09692 -0.323 0.02708 -0.102 -0.1455 -0.08521 -0.002914 -0.3827 -0.2731 -0.2726 -0.0184 -0.115 0.08976 -0.4403 0.07869 -0.1331 -0.3737 0.103 0.05579 0.08159 0.1857 -0.09737 0.1718 0.04651 0.0752 -0.01785 0.1024 0.001965 -0.7816 -0.06881 -0.3548
"38" 0.1669 -0.8288 -0.05372 0.2003 -0.1958 0.08125 0.305 -0.4115 0.000576 -0.09431 0.04776 0.1689 -0.01891 -0.1273 0.02345 0.09707 0.07967 0.2434 -0.204 -0.01865 -0.4295 -0.00986 -0.2506 -0.09209 -0.03487 0.06724 -0.1189 -0.2049 -0.2334 -0.4646 -0.2199 0.01733 -0.07203 -0.1694 0.1659 -0.05681 0.09725 0.08959 -0.1471 0.5771 0.125 0.06839 0.1117 0.08242 -0.003103 -0.1543 -0.03901 -0.05389
"39" 0.03029 NA 0.2282 -0.1156 0.04593 -0.1776 -0.2312 -0.2654 -0.1308 NA 0.1926 0.01216 -0.03335 NA 0.1633 -0.02994 0.07436 0.1149 0.3195 -0.111 -0.001248 -0.1328 0.109 0.008024 -0.1315 -0.2785 0.008799 -0.2769 -0.1808 -0.1401 0.4354 -0.2326 -0.1309 -0.26 0.08399 -0.05955 0.4422 0.3352 0.006293 -0.3529 -0.04864 0.01526 -0.2262 0.04337 -0.1215 -0.8067 -0.1389 -0.244
"40" 0.04891 NA -0.00192 0.1579 -0.1788 0.1226 -0.4612 -0.07218 0.2068 NA 0.05859 0.3219 -0.2826 NA 0.346 -0.0694 -0.2473 0.2266 -0.01381 -0.001614 -0.1352 0.02245 -0.2751 0.03088 -0.07856 -0.2789 -0.1639 -0.4981 -0.2243 -0.08503 -0.07538 -0.1765 -0.2187 0.0522 -0.1136 -0.03802 -0.151 -0.08711 -0.1653 0.1516 0.05048 0.2318 0.1964 0.3725 -0.03317 -0.3083 0.03392 -0.06758
"41" -0.1231 -0.09691 0.06759 0.3907 0.0689 0.2549 0.09485 0.3149 0.03118 0.07811 0.06969 0.5561 -0.1416 -0.1549 0.1462 0.1094 0.02766 0.0357 0.1014 -0.1075 0.1028 -0.2602 -0.1313 -0.01974 0.1055 0.1361 0.04281 -0.1175 -0.1038 -0.2694 -0.199 -0.1513 -0.1162 -0.224 0.06284 -0.101 0.08818 -0.5107 0.03925 0.2108 0.1708 -0.2274 -0.08087 0.1562 -0.07229 -0.01047 -0.002817 -0.06022
"42" -0.01619 -0.04024 0.244 0.214 -0.08143 0.136 0.1107 -0.367 0.02322 0.1101 -0.09164 0.2529 0.2136 0.008532 0.01933 -0.07563 -0.1333 -0.3658 -0.1288 -0.2086 -0.05405 -0.2561 -0.05906 0.01717 0.1522 -0.1134 -0.0198 -0.2152 -0.3032 -0.1896 -0.3526 -0.13 0.03756 0.3374 0.08115 0.04187 -0.02134 0.02759 -0.006994 0.01623 0.1004 0.005394 0.1667 0.06702 -0.09122 -0.2537 0.05895 0.0535
"43" 0.05458 0.08098 0.3254 0.3213 -0.2722 0.2421 -0.2261 0.3984 -0.1803 0.2351 -0.08136 -0.1443 -0.4262 0.1911 0.1469 0.2782 0.08314 0.05019 0.03894 -0.07822 0.04343 0.0665 -0.1465 -0.05429 0.1667 -0.2406 0.01963 -0.4162 0.001271 -0.2169 -0.7353 -0.1541 -0.1132 0.169 0.0365 0.101 0.04861 0.1054 -0.1411 0.04672 0.09618 0.09646 0.1462 0.1561 0.06771 -0.3262 -0.03699 0.07089
"44" 0.09195 0.04911 -0.0101 0.324 -0.4721 0.06381 0.1894 -0.05606 0.324 -0.3909 -0.2453 0.01693 -0.2599 0.2504 -0.1061 -0.117 -0.09533 -0.01729 -0.1041 -0.09019 -0.1567 -0.2733 -0.09036 -0.2296 -0.169 -0.3167 -0.2543 0.1044 -0.05251 -0.2839 -0.2845 0.01941 -0.02498 -0.1569 0.05141 0.031 -0.1086 0.04729 -0.1558 -0.183 0.02661 0.1221 0.1419 0.04299 0.03595 -0.1993 0.0149 -0.03563
"45" -0.06479 0.2698 -0.1824 0.2117 -0.111 0.1443 0.1819 0.2443 0.2139 0.3104 -0.1229 0.02693 0.05145 0.1066 0.1897 0.1129 -0.05225 -0.6315 -0.06356 -0.1029 -0.1209 0.03836 0.162 -0.4858 -0.07725 -0.1576 -0.0835 -0.05081 0.01611 -0.2599 -0.4863 -0.2168 -0.2616 0.4749 0.1007 0.005711 0.1045 0.1354 0.06584 -0.1306 0.04263 -0.002602 0.04651 -0.03723 -0.01132 -0.6336 0.1291 -0.03721
"46" 0.02002 -0.2222 0.1182 -0.1151 -0.0643 0.4708 0.005755 0.1733 0.07739 0.06419 -0.1048 0.3785 -0.06311 0.008138 0.06352 0.2001 0.05934 -0.1313 0.05673 -0.02962 -0.4709 -0.08298 -0.03451 0.2846 0.07304 0.1899 -0.4588 -0.1649 -0.1853 -0.03607 -0.5395 -0.0792 -0.06289 -0.03146 0.1157 0.1091 0.179 -0.1119 -0.1934 0.1442 0.0704 -0.0033 0.4114 0.005136 -0.07966 -0.5787 0.0604 -0.2399
"47" 0.32 0.09291 0.1261 0.1552 -0.176 0.3226 -0.02541 0.02879 -0.2321 -0.03054 -0.102 0.1951 0.1572 -0.4429 -0.07677 0.08145 -0.03404 -0.4851 -0.1819 -0.3376 -0.1653 0.05727 0.1551 -0.07529 0.1718 -0.09389 -0.4138 0.01252 -0.02222 -0.0353 -0.5792 -0.3708 -0.2421 -0.0773 0.1326 0.2615 0.1951 0.05608 -0.1885 -0.2767 -0.06654 0.04632 -0.2496 -0.00788 0.03846 -0.1999 -0.1113 -0.3856
"48" 0.01498 0.3798 -0.1391 0.2293 0.0451 0.006094 -0.4521 0.1616 0.1614 -0.1308 -0.08623 0.4717 -0.3351 0.1158 0.07204 0.07924 -0.1208 0.381 -0.5143 -0.1837 -0.2087 0.4669 -0.1812 0.1081 0.3463 -0.1006 -0.1846 -0.2095 -0.2854 0.05109 -0.1512 -0.04003 -0.0733 -0.2614 -0.1738 -0.04429 -0.08513 0.06252 -0.1732 -0.03009 0.1916 0.01911 -0.08792 -0.09729 -0.04625 -0.4848 0.054 -0.1647
"49" -0.1633 0.4493 0.2191 0.05222 -0.1692 0.312 0.1277 -0.121 -0.05453 -0.1602 0.166 0.1185 -0.2216 0.03355 0.2056 -0.1486 0.06982 -0.2779 -0.02049 -0.1079 -0.1395 0.09576 0.05928 0.01036 -0.04072 -0.09523 -0.02802 -0.07672 -0.04227 -0.1913 -0.3674 -0.3008 -0.1862 0.5145 0.05213 0.0338 -0.03171 0.05387 -0.02813 0.1142 0.02816 -0.1868 0.3798 0.006105 -0.05526 0.1119 0.06072 -0.1283
"50" 0.26 0.2447 0.3474 0.1227 -0.07479 0.3517 0.171 -0.2918 0.07561 0.08431 0.1067 -0.03899 -0.1239 -0.2981 0.1752 0.004708 0.0472 0.1367 -0.2341 -0.1088 -0.3147 -0.01845 -0.1446 0.08103 0.2098 -0.01018 -0.1145 0.002693 -0.3465 -0.2632 0.01222 -0.04377 -0.09389 0.2556 0.09278 -0.008365 0.02913 0.005604 -0.06449 0.2128 0.03007 0.1362 0.2638 -0.05392 0.0731 -0.7159 -0.1532 -0.2138
"51" 0.2719 -0.00895 0.1739 0.06193 -0.1699 0.2408 -0.1125 -0.1407 0.2025 -0.3342 0.003516 -0.09647 0.3464 0.07435 0.03904 -0.01134 0.1217 -0.0905 -0.07775 0.04547 -0.313 -0.1224 0.0885 0.0309 0.1702 0.07078 0.0001015 -0.1332 -0.02654 -0.4967 -0.1425 -0.05856 -0.03684 -0.4035 0.04001 0.1144 -0.06727 0.1682 -0.02217 0.1197 -0.05813 0.06285 0.00306 0.07188 -0.02646 0.1172 0.1761 0.021
"52" -0.09282 0.07916 0.1549 0.1519 -0.09258 0.6366 -0.3308 0.5742 -0.02027 0.08996 0.1044 0.008055 -0.05393 0.09785 0.1299 0.2685 0.08643 -0.1821 0.004384 -0.01194 -0.1532 -0.1782 0.06452 0.2447 0.1935 0.05887 -0.1117 -0.1576 0.02716 -0.04488 -0.2605 0.09975 -0.137 -0.1306 0.0894 0.1165 0.09969 0.1206 0.08117 -0.1991 0.01842 -0.01042 -0.1089 0.006879 -0.03004 -0.6822 -0.01476 -0.1088
"53" 0.08236 0.3065 -0.3659 0.1244 -0.02094 0.3421 -0.1262 -0.08529 -0.03891 -0.07812 -0.00378 0.09644 0.06268 0.07431 0.01348 0.2414 -0.1341 -0.2177 -0.2236 -0.1648 -0.09024 -0.1786 0.003056 -0.2367 0.2896 -0.2242 -0.1057 -0.2526 0.02897 -0.4336 -0.374 -0.1769 -0.0765 -0.08652 0.02542 -0.1138 -0.1844 0.1016 -0.2237 0.1911 0.08262 -0.1342 0.0145 -0.007573 0.03661 -0.2267 0.0579 -0.2782
"54" 0.1622 0.1086 0.09868 -0.3186 -0.1661 0.4677 0.1238 0.03337 0.2873 -0.01949 0.07118 0.1821 0.04707 0.2534 0.1536 0.09897 0.1106 0.01814 -0.1289 -0.04209 -0.4267 -0.0582 -0.1082 -0.04059 0.1186 -0.3957 -0.08122 -0.1475 -0.1293 0.05847 -0.006021 -0.0812 -0.07069 0.007084 0.2825 0.1659 0.009194 0.02935 -0.1088 0.009668 0.0006588 0.1532 0.2755 0.2543 0.04228 -0.5121 0.05247 -0.5612
"55" -0.006817 0.1875 0.1202 -0.04555 -0.08587 0.07417 0.166 0.02069 -0.04295 0.00617 -0.04397 0.3227 -0.09503 -0.121 0.1835 -0.0277 0.2577 0.3605 -0.2364 -0.1458 -0.3043 -0.08184 -0.2234 -0.202 -0.007022 -0.04162 -0.1305 0.1367 -0.1595 -0.3372 -0.3139 -0.4182 -0.06605 -0.009865 0.191 0.02745 -0.0631 0.01558 -0.1457 -0.2362 0.2009 -0.02155 -0.06245 0.00354 0.003678 -0.4519 0.01284 -0.06778
"56" -0.07092 -0.046 -0.1568 0.4122 -0.07817 0.02882 0.4248 0.1459 -0.007158 -0.4075 0.2048 -0.0562 -0.3587 -0.1549 -0.1183 0.05162 0.01682 0.1566 -0.008088 -0.1297 -0.2401 0.1082 -0.11 0.1732 0.3472 0.08776 0.1303 -0.01352 -0.07689 0.03979 -0.000354 -0.2225 -0.1434 0.2479 0.1514 0.05964 0.04894 0.1299 0.2408 -0.04547 0.2639 0.07381 0.1738 -0.05065 0.1084 -0.629 0.1578 -0.1643
"57" -0.1247 0.3288 -0.3203 0.1102 -0.2627 0.4351 -0.004096 -0.09109 0.435 0.05932 0.1667 0.2281 -0.3187 0.06339 -0.3564 0.08745 -0.01848 0.1277 -0.04508 0.1078 -0.3047 0.02767 0.2088 0.01334 -0.0677 0.1603 -0.03616 -0.04853 0.05311 0.03525 0.1285 -0.1256 -0.05516 0.1246 0.09696 -0.1927 -0.1508 0.1162 0.005977 0.4716 0.04247 0.1459 0.5588 0.07785 -0.3026 -0.2797 0.001778 -0.09994
"58" 0.3337 0.00388 -0.1146 0.1961 -0.3356 0.2681 0.208 0.2541 0.041 -0.2928 0.09745 0.129 0.1087 -0.05163 0.3444 -0.06395 0.03724 -0.0539 -0.0826 -0.07689 -0.07686 -0.1779 0.1362 0.1926 -0.1659 -0.03484 0.02412 -0.1535 -0.04235 -0.1004 -0.0505 0.1081 -0.2515 -0.1264 0.07815 0.08072 -0.008001 0.07219 -0.113 -0.4444 0.3401 0.2418 0.1069 -0.0752 0.1252 -0.2803 0.05657 -0.1803
"59" -0.01015 0.2325 -0.01434 0.1898 -0.4031 0.2184 0.3573 0.1936 0.09892 -0.1506 0.01653 0.04397 0.03624 -0.04927 -0.2101 0.02479 -0.03942 -0.2774 -0.08879 -0.1915 -0.09269 -0.2448 -0.06338 0.1386 -0.07292 -0.2107 -0.1041 -0.01223 -0.03718 -0.1934 -0.2574 -0.1383 -0.1108 -0.1549 0.1046 0.1627 -0.005817 -0.04172 -0.02126 -0.6772 -0.009325 0.1498 0.002283 0.2009 0.08723 -0.1843 -0.0437 -0.1048
"60" -0.3182 0.3538 0.1741 0.09064 0.04535 0.3689 -0.1501 -0.217 -0.02816 0.1892 0.3093 -0.09513 0.2196 0.173 0.2672 -0.2105 -0.05572 0.02626 -0.1047 -0.04275 -0.1331 -0.1387 -0.2108 -0.3636 -0.08744 -0.09394 -0.04694 0.01204 -0.4041 -0.1006 -0.2016 -0.09859 -0.2027 -0.4463 0.04974 -0.04308 -0.161 -0.1033 -0.02661 -0.1399 0.1413 0.1925 0.06324 -0.001575 0.1552 -0.1645 -0.05524 -0.01434
"61" -0.0008105 0.1385 0.08114 0.1083 -0.2844 0.4182 0.3583 0.07597 0.2182 0.07995 -0.02998 0.00832 0.1977 0.09947 0.2036 -0.07414 0.2909 -0.1101 -0.005353 -0.1078 -0.1503 -0.2034 0.03435 -0.08371 -0.03582 -0.2152 -0.1139 -0.09527 -0.1171 -0.006 -0.2589 -0.3678 -0.01114 -0.1893 -0.07878 -0.06898 -0.236 0.06154 -0.1555 -0.1151 0.0414 0.09448 -0.2522 -0.1765 -0.02196 -0.1644 -0.06384 -0.2635
"62" 0.2106 0.4841 -0.01467 -0.1145 -0.1722 0.4632 -0.3289 0.3009 -0.01024 0.2428 -0.5309 0.2115 0.04294 0.05901 -0.1713 0.04885 -0.1053 0.07796 -0.245 -0.1111 -0.01467 -0.01807 -0.2194 0.07266 0.07174 -0.03795 -0.7149 -0.08378 -0.3389 -0.02638 -0.2586 -0.05096 0.06657 -0.3413 -0.02597 0.245 -0.1274 -0.05481 -0.3022 -0.1338 0.255 0.06493 -0.06021 -0.3046 -0.0598 -0.02587 -0.4884 -0.213
"63" -0.1948 0.1227 0.002864 0.4282 -0.2063 0.2325 -0.07111 -0.2868 -0.01361 0.008726 -0.006312 -0.007105 -0.2778 -0.1717 -0.01551 -0.1256 0.1252 0.3355 0.01374 -0.08934 0.01012 -0.02433 -0.01844 -0.142 0.1335 0.1674 -0.05235 -0.1472 -0.589 0.03086 -0.308 -0.09364 -0.1942 0.05577 0.1673 0.0269 -0.4114 0.04227 0.09514 -0.04267 0.1748 -0.004304 0.1236 -0.2617 -0.2027 -0.5868 0.03692 -0.135
"64" -0.1162 -0.282 0.02856 -0.006456 -0.05386 0.2957 -0.1029 0.03559 0.01356 0.2412 0.1252 0.09836 -0.04417 0.1207 0.03161 -0.1414 0.1285 0.4795 -0.1056 -0.1874 -0.406 -0.1642 -0.001953 0.03073 -0.06848 -0.09285 -0.1657 -0.1303 -0.1843 -0.1695 -0.4622 -0.05317 0.03902 -0.07202 -0.1706 -0.07388 -0.2195 0.1248 0.1152 0.1915 0.1266 0.04405 0.3803 -0.3592 0.02712 -0.3389 0.1206 -0.1946
"65" 0.1785 -0.3296 -0.06322 0.1877 0.139 0.4671 0.0223 0.1658 0.03983 -0.637 -0.06528 0.07996 0.1849 -0.1123 0.1516 -0.09987 -0.411 0.1254 -0.07512 -0.2228 -0.2707 -0.1005 -0.3645 0.06559 -0.008587 -0.372 -0.3971 -0.07066 -0.4031 -0.3979 -0.06748 -0.4406 -0.1256 0.09251 0.06778 -0.01962 -0.03599 0.09767 0.06219 0.2924 0.08271 0.04624 0.1186 -0.1623 -0.01383 -0.5685 0.02629 0.05915
"66" -0.06237 0.3756 0.002001 0.02694 -0.1627 0.1065 -0.009678 0.1454 0.1219 0.1398 0.05543 0.2428 -0.08143 0.1805 0.1678 -0.03265 0.009652 -0.1545 0.0991 -0.2655 -0.4085 0.2047 -0.0779 -0.1075 0.1171 -0.4712 -0.5616 -0.04001 -0.3483 -0.1992 -0.4934 0.0284 -0.123 -0.4331 0.2749 0.06475 -0.3044 0.01714 0.07558 -0.02508 0.04084 0.04636 0.4404 0.03114 -0.1906 -0.6087 0.09653 -0.2253
"67" 0.03324 0.5377 0.1899 0.112 0.1439 0.2203 0.03429 -0.1678 -0.04867 0.2104 0.2419 0.1105 -0.4293 -0.006867 0.08205 -0.4927 -0.05426 -0.06356 0.03344 -0.1433 -0.21 0.2953 -0.1631 0.03059 0.4359 -0.09305 -0.2689 -0.1236 -0.1371 0.01607 -0.6101 -0.04079 -0.1579 -0.04634 0.205 -0.1478 0.09509 0.04879 -0.03849 0.1503 0.06947 0.08884 -0.002002 0.0635 0.1093 0.01788 0.2805 -0.145
"68" -0.02222 0.2972 0.04124 0.09322 -0.1586 0.2307 -0.07068 0.144 0.3052 -0.001546 0.09448 0.07267 -0.2341 -0.1719 0.077 0.03335 -0.2212 0.1424 0.2281 -0.2185 -0.07691 0.01555 -0.4536 -0.04667 -0.2205 0.1399 -0.09091 -0.1869 -0.1205 0.1086 -0.2156 0.06519 -0.313 0.008317 0.1027 0.1358 -0.05258 0.001734 0.01488 0.08817 0.1893 0.1279 0.2813 -0.1597 0.003649 -0.08494 0.1533 -0.211
"69" 0.02135 -0.0187 -0.2413 -0.02173 -0.09479 0.3344 -0.05038 -0.1383 0.1764 -0.06972 0.3769 -0.06018 0.07172 0.196 0.1102 -0.3822 -0.05037 -0.1425 0.00457 -0.1131 -0.2092 -0.187 -0.0549 0.1886 -0.2926 -0.0109 -0.1476 -0.1841 -0.2635 -0.1789 -0.1307 -0.2671 -0.06872 -0.1215 0.01816 0.06091 0.187 -0.02131 -0.2047 0.0568 0.04339 0.03818 -0.4129 0.1485 0.1032 -0.3869 0.05141 -0.461
"70" 0.1014 NA -0.1109 0.0702 -0.144 0.1402 0.246 0.01295 0.2139 -0.2612 0.1583 -0.01855 0.08179 0.1969 -0.1111 0.1251 -0.02853 -0.06684 -0.1667 -0.2465 -0.1948 -0.02356 0.02226 -0.1512 -0.0008407 -0.1489 -0.1669 -0.0932 0.2349 -0.2933 -0.3052 0.03319 0.0333 0.1074 -0.01447 0.08032 0.2498 0.2148 -0.1788 0.008335 0.1247 0.2552 0.1912 0.335 -0.1168 -0.6646 0.1205 -0.234
"71" 0.1584 NA 0.1406 0.3833 -0.134 0.4649 0.1467 0.2983 -0.03336 0.08974 0.1275 0.1044 -0.004595 0.1331 0.007522 -0.1206 -0.2024 -0.3252 -0.2056 -0.1304 -0.08771 -0.2757 0.07975 -0.03829 0.004422 0.1821 0.3191 -0.2364 -0.4468 -0.32 0.06611 -0.2375 0.04584 0.1667 0.1621 -0.05081 0.3349 -0.003771 -0.1115 0.1672 0.2804 0.2164 0.2093 -0.06055 0.09791 -0.2793 0.2382 -0.1139
"72" 0.06795 NA 0.007875 0.09318 -0.3243 0.3532 0.2266 0.07472 0.221 -0.1526 0.06636 0.00526 -0.1878 0.4599 -0.09014 -0.2002 0.07684 0.009076 0.03912 -0.1386 -0.1067 -0.1858 -0.2036 0.07518 0.1419 -0.1901 -0.4503 0.07025 0.08638 -0.2189 -0.2003 0.0807 0.04756 -0.1243 0.1114 0.1811 0.2682 0.138 -0.07099 0.08333 0.1045 0.08077 0.3256 0.01176 0.07599 -0.2391 0.1209 -0.02471
"73" 0.137 NA 0.1446 0.01097 -0.1314 0.2981 0.1769 0.18 0.2408 0.1967 -0.0443 0.07486 0.01584 NA 0.05829 0.1108 0.1191 0.09784 -0.1966 -0.2475 -0.1156 -0.1525 0.03037 -0.07542 -0.1339 -0.2417 -0.3188 -0.2157 0.01552 -0.4885 0.2167 -0.05345 0.01185 -0.3122 0.03437 -0.05727 0.02956 -0.0106 -0.09388 0.3603 -0.04474 0.1235 0.2615 -0.04136 0.09038 -0.3037 0.1157 -0.2162
"74" 0.1127 NA 0.1362 0.08586 0.06053 0.3493 0.1055 -0.1438 -0.0768 -0.4717 -0.1218 0.3776 0.04112 NA 0.1216 -0.001665 0.06275 0.1411 -0.2001 -0.3323 -0.2464 -0.08036 0.07961 0.07212 -0.07475 0.1398 -0.2745 -0.0432 -0.2054 -0.3192 -0.4298 -0.1887 -0.3172 -0.1545 0.09056 0.02297 0.2305 0.02191 -0.2898 -0.4215 0.3798 0.112 0.06477 0.05038 0.09624 -0.3688 0.0471 -0.3306
"75" -0.06181 NA 0.2528 -0.02084 -0.2509 0.2863 0.2028 -0.01688 0.0006829 -0.08693 0.02406 0.3834 -0.2242 NA 0.1541 0.3176 0.01278 -0.4179 0.2648 -0.0642 -0.485 -0.1712 -0.02654 0.07029 -0.2914 0.1371 -0.3764 0.06358 0.1573 0.07529 -0.3739 -0.419 -0.4363 -0.3952 0.1109 -0.01216 0.4267 0.0837 -0.3351 -0.03509 0.06098 0.2595 0.1833 0.06581 -0.07006 -0.3208 -0.05955 -0.08416
"76" 0.06669 NA 0.0987 0.1619 -0.2218 0.293 0.1331 -0.1407 -0.1261 -0.05699 0.03513 0.1012 -0.5492 NA -0.2492 0.1772 -0.03173 0.06411 -0.2844 -0.2411 -0.3475 -0.05652 0.1397 -0.05358 0.2199 0.01704 0.2213 -0.2725 -0.08541 -0.05129 0.01956 -0.1597 -0.3642 -0.2987 -0.02822 0.07894 0.04158 0.07846 -0.1993 0.1951 0.2043 -0.03766 -0.007074 0.05026 0.1549 -0.09965 0.08789 0.05405
"77" 0.1001 NA 0.1651 0.1339 -0.03549 0.1414 0.2494 -0.0005635 -0.09161 -0.02957 -0.2111 -0.1945 0.2916 NA -0.2874 0.1376 0.03985 -0.2211 -0.281 -0.2842 -0.2436 -0.2241 0.1285 0.2194 -0.1687 -0.1874 -0.04818 -0.06216 0.307 -0.335 -0.1473 0.1385 -0.3125 -0.06134 0.1103 0.09415 0.01536 0.08879 -0.05828 -0.1195 0.126 -0.03987 -0.1225 -0.04203 -0.01326 -0.6043 0.0881 0.4206
"78" -0.1324 NA -0.0316 0.1524 -0.1386 0.3384 0.06768 -0.04263 0.1152 0.188 0.2677 0.1253 -0.0107 NA 0.09898 0.4213 0.06516 0.4764 -0.02309 -0.2683 -0.1964 -0.139 -0.2087 0.03218 0.01715 -0.1686 -0.05024 0.1419 -0.6178 -0.1651 0.09274 -0.08277 0.08507 -0.4188 0.01583 0.07676 -0.02568 NA -0.2608 -0.03928 -0.04034 0.05949 0.09887 0.1346 0.03799 -0.2189 0.09212 -0.1425
"79" 0.1032 NA 0.1238 0.196 -0.07651 0.2578 0.1028 -0.1086 0.08412 -0.02454 -0.1026 0.08361 0.08897 NA 0.04516 -0.05233 -0.03536 0.1199 0.1182 -0.2775 -0.309 -0.01804 0.06531 -0.0823 -0.2667 -0.0703 -0.2892 -0.2256 -0.006257 -0.6399 0.1174 -0.3064 0.1416 -0.2351 0.02424 -0.01215 0.215 NA -0.1267 0.1688 0.02102 -0.09246 -0.1336 0.06564 0.09213 -0.1388 0.006845 -0.3542
"80" 0.1086 NA 0.08261 0.03375 -0.0196 0.1227 0.05936 0.1896 -0.0527 -0.02088 0.05892 0.3045 -0.1884 NA 0.2872 0.157 0.002749 -0.1667 0.08966 -0.2009 -0.408 0.07819 -0.09601 -0.0649 -0.02319 -0.16 -0.2905 -0.029 0.07953 -0.2728 -0.1155 -0.039 -0.1517 0.1306 -0.009408 0.09222 0.04457 NA 0.4055 0.1459 0.1105 -0.01921 0.2873 0.1111 0.05799 -0.4335 0.1815 -0.2683
"81" 0.1246 NA 0.1826 0.2435 -0.02878 0.4007 -0.06176 -0.03448 0.1521 0.02615 0.07599 0.1494 0.07083 NA 0.05742 -0.007068 -0.05884 0.07013 -0.1637 -0.2847 -0.1171 -0.03719 -0.006746 0.001342 -0.207 -0.2027 -0.2293 0.03913 -0.2187 -0.1849 -0.1442 0.0725 -0.1994 0.2219 -0.0357 -0.003196 0.07885 NA -0.07875 0.05127 0.02247 0.137 0.1256 -0.01703 -0.136 -0.1823 0.008006 -0.4552
"82" 0.1497 NA 0.05123 0.09321 -0.09907 0.2731 0.3045 -0.2981 0.3134 0.05985 0.1295 0.3031 0.03052 NA 0.1461 -0.02013 -0.07296 0.06267 0.03009 -0.1302 -0.2804 0.01893 0.09237 -0.1006 -0.3026 0.01269 -0.0977 -0.1405 -0.1716 -0.1611 -0.1396 0.02274 -0.1025 -0.2523 0.2147 -0.01635 0.1067 NA -0.00967 0.1129 0.05184 0.0238 0.03444 0.308 0.03292 -0.1999 0.1912 -0.2088
"83" 0.04975 NA 0.198 0.03163 -0.1752 0.1738 0.08706 -0.106 0.1371 0.1534 0.03933 -0.01228 -0.01256 NA 0.06744 0.1629 -0.1018 0.1271 0.08864 -0.2799 -0.2845 -0.1833 -0.07247 -0.04597 -0.02793 -0.03805 -0.06871 -0.1405 -0.4258 -0.2684 -0.04318 -0.3332 -0.1225 0.2472 0.03892 0.03001 -0.1059 NA -0.02132 0.03929 -0.2526 -0.01823 0.2669 0.2174 -0.07555 -0.7158 0.1686 -0.0113
"84" 0.06586 NA 0.09348 0.2838 0.02189 0.3566 0.03092 -0.07762 -0.007788 0.1769 0.08079 -0.03516 0.1045 NA -0.3273 0.03236 -0.1412 0.01358 -0.05454 -0.185 -0.2271 0.2025 -0.1238 -0.1158 0.2503 0.1828 -0.3321 -0.06571 -0.2165 -0.2027 -0.2425 -0.06047 -0.2102 -0.35 -0.003449 0.1175 0.1923 NA -0.1531 -0.1148 0.06561 0.0605 0.08614 0.1094 0.001162 -0.3194 -0.09272 -0.05419
"85" 0.09739 NA 0.06751 0.1497 -0.3879 0.1987 -0.1037 0.3383 0.05079 -0.141 0.09755 0.1331 -0.1921 NA 0.09303 0.1483 -0.01597 -0.09135 -0.208 -0.1307 -0.185 -0.08649 0.04493 -0.04221 -0.1849 -0.1273 -0.4004 -0.08978 -0.2251 -0.1013 -0.3679 0.1784 -0.2569 -0.8169 0.03383 0.1229 -0.1283 NA 0.06917 -0.07259 0.1204 0.06759 -0.05001 0.1138 0.112 -0.2756 0.0996 -0.1269
"86" 0.1151 NA 0.06286 0.2951 -0.273 0.1212 0.1423 0.2734 0.08054 -0.1861 -0.1525 -0.18 -0.2274 NA -0.04277 -0.1389 -0.06837 -0.36 -0.344 -0.239 -0.2928 -0.1456 0.1295 -0.2113 -0.1357 -0.5248 -0.3136 -0.1409 -0.006641 -0.1477 -0.4256 -0.02701 -0.1189 -0.05142 -0.07637 0.03754 0.2511 NA 0.03521 -0.1336 0.1625 0.08507 0.1217 0.06457 -0.1219 -0.5735 0.0585 -0.04777
"87" 0.311 NA 0.08385 0.1277 0.1566 0.2394 0.141 -0.01805 0.001218 -0.1019 0.03305 0.2129 -0.09094 NA -0.08114 -0.2079 0.08998 -0.1291 0.1828 -0.03825 -0.1588 0.1239 -0.005402 0.05109 -0.05157 -0.1364 -0.2664 -0.1161 -0.2218 -0.3981 -0.4468 -0.05129 -0.1049 0.1712 0.1351 0.07001 0.2504 NA 0.01381 0.1293 -0.02498 0.2087 0.1091 0.1205 -0.02721 -0.2831 0.0632 -0.3157
"88" 0.111 NA 0.003872 0.3019 -0.2986 0.2138 -0.2354 0.2084 0.2184 0.2137 -0.1451 -0.03645 0.06001 NA 0.03175 0.08634 0.1236 -0.1655 -0.3555 -0.1223 -0.2769 0.1282 0.0613 0.0273 -0.312 -0.02354 -0.1033 -0.3544 -0.4405 -0.3276 -0.1869 -0.0699 -0.355 0.1569 0.04507 -0.1782 0.1797 NA -0.01108 -0.01969 0.07947 0.189 0.2317 0.04389 0.01109 -0.1659 0.1151 -0.1818
"89" 0.0174 NA 0.03648 0.2933 -0.06918 0.405 0.1147 0.1962 -0.2429 0.1496 -0.07482 0.006042 0.03204 NA 0.316 0.09598 -0.043 0.3248 0.04369 -0.2171 -0.1299 -0.02089 -0.08928 -0.06163 0.03942 -0.1219 -0.09738 -0.001143 -0.3513 -0.1265 -0.7151 -0.1654 -0.06014 0.1811 0.07299 -0.005179 0.04005 NA -0.04107 0.1071 -0.03843 0.05518 0.06745 -0.2587 -0.1173 -0.4938 0.02656 -0.1472
"90" 0.02581 NA -0.222 0.2874 -0.109 0.09893 0.07696 -0.1044 0.1681 -0.2951 0.1732 -0.2209 -0.07738 NA 0.04748 0.093 0.01096 0.05877 -0.1919 -0.1779 -0.1994 0.009406 -0.2138 0.05467 0.392 -0.1157 -0.2703 -0.0581 -0.2116 -0.03746 -0.01008 0.02526 -0.08011 -0.086 -0.01171 -0.03196 0.1073 NA -0.1242 -0.05337 0.01158 0.0887 0.1475 -0.2569 -0.05722 -0.6905 -0.009557 -0.1425
"91" 0.06875 NA 0.121 0.1652 -0.1857 0.5056 0.086 -0.1149 -0.02287 NA 0.1223 0.4005 0.06373 NA 0.3084 0.09337 0.06222 -0.2144 -0.09324 -0.1306 -0.1069 -0.01788 -0.1771 0.152 -0.07546 -0.06617 -0.1143 -0.08513 -0.03085 -0.08492 NA 0.1245 -0.05393 -0.06789 0.1895 0.08364 0.05836 NA -0.1481 0.04108 0.1757 0.1068 0.1786 -0.0008098 0.07051 -0.2141 -0.1012 -0.1492
"92" 0.03265 NA 0.1193 -0.006259 -0.1405 0.196 0.06425 0.3083 0.1001 NA 0.05642 0.1221 -0.3216 NA 0.0832 -0.02818 -0.02404 -0.318 -0.1845 -0.1113 -0.2918 -0.09352 -0.05372 -0.1047 0.0204 -0.2786 0.02736 -0.07702 0.3674 -0.2366 NA -0.1755 -0.0087 0.06694 0.104 -0.01972 -0.1727 NA -0.08035 -0.3003 -0.1198 0.0291 0.02512 -0.03086 -0.1026 -0.1222 0.1176 -0.02739
"93" 0.009929 NA 0.2438 -0.007783 0.05291 0.1953 -0.348 0.03511 0.2113 NA 0.1987 0.2991 -0.0929 NA 0.1396 0.1126 0.1455 0.07178 -0.1206 -0.1271 -0.2234 -0.3764 -0.07701 -0.009759 -0.3178 -0.03728 -0.291 -0.0863 -0.03149 0.02951 NA -0.01911 -0.3073 0.1826 -0.001279 -0.02498 0.03006 NA -0.1138 0.06365 -0.1044 0.09107 0.2013 0.009542 -0.01022 -0.3161 -0.03034 -0.4817
"94" -0.01015 NA 0.06502 0.2052 -0.272 0.3629 -0.008649 -0.2595 0.08162 NA 0.02325 0.4483 -0.2288 NA 0.2399 0.2216 -0.02563 -0.4384 0.07221 -0.01965 -0.08853 0.02066 0.02866 -0.03805 -0.04169 -0.1811 -0.3443 -0.04872 -0.06442 -0.2019 NA -0.16 -0.418 0.3806 0.02283 0.02235 0.2653 NA -0.1076 0.2426 -0.07905 0.04384 0.2357 0.1638 0.0746 -0.2279 0.1174 -0.05979
"95" 0.1133 NA 0.0253 -0.01491 -0.1543 0.07103 -0.02678 0.5977 0.07514 NA 0.02655 0.1625 -0.07403 NA -0.0009466 0.1406 0.07579 0.2234 0.07255 -0.2997 -0.117 -0.1045 0.04504 0.06286 0.1906 -0.01198 -0.2379 -0.04056 -0.4351 -0.04928 NA -0.08963 0.07926 -0.5074 0.1353 0.02588 0.1877 NA -0.113 0.03818 -0.2883 0.08095 0.004214 -0.03215 0.09294 -0.6751 0.1553 -0.1863
"96" -0.003773 NA -0.126 0.1873 -0.2396 0.0007204 0.009646 -0.2033 0.03948 NA 0.1383 0.07704 -0.1954 NA 0.137 0.007988 0.05998 -0.157 0.1987 -0.1052 -0.02099 0.2709 -0.2598 -0.008739 0.2071 -0.2425 -0.2001 -0.0007937 -0.2453 -0.1565 NA -0.03769 -0.1521 -0.0486 0.2351 0.05133 -0.02541 NA -0.1575 0.0864 0.0746 -0.0392 0.2172 0.1122 -0.01335 -0.3602 0.0657 -0.2327
"97" 0.07137 NA 0.1519 0.148 -0.1272 0.2818 -0.09103 0.1293 -0.06222 NA -0.05392 0.3073 -0.1056 NA 0.1535 0.04374 0.03934 -0.06897 -0.1537 -0.06134 -0.1782 0.8043 -0.1342 -0.02892 0.3102 -0.4346 -0.1136 -0.04438 -0.4007 -0.4705 NA 0.136 -0.06286 0.4365 -0.0324 -0.01932 0.07893 NA -0.1514 -0.08672 -0.1806 0.3803 0.01859 0.07482 0.1241 0.1821 0.06216 -0.07202
"98" 0.3172 NA -0.09993 0.2705 -0.08435 0.1247 -0.3258 0.01083 0.06488 NA 0.1616 0.1347 -0.05292 NA 0.266 -0.06847 0.06349 -0.07178 -0.1283 -0.06279 -0.0287 NA -0.2382 -0.02171 0.02678 0.02753 0.3049 0.0002909 -0.1712 0.02053 NA -0.2905 -0.05911 -0.1161 0.1202 -0.06035 -0.00425 NA 0.05592 -0.08205 0.1281 0.08238 -0.01168 0.04199 -0.0416 -0.1789 -0.03732 -0.168
"99" 0.1507 NA 0.2354 0.1614 -0.3293 0.1309 -0.00515 -0.1147 -0.02874 NA -0.05316 0.08547 -0.1455 NA 0.003138 0.0066 -0.1384 -0.2239 -0.2114 -0.149 -0.1177 NA 0.02472 -0.07234 -0.01573 -0.1431 0.02564 -0.1248 0.03276 -0.2255 NA -0.1473 -0.1722 0.1096 0.07859 -0.02591 -0.04865 NA -0.161 0.4028 0.07973 -0.02073 0.2115 0.14 -0.05849 -0.08848 0.09887 -0.2213
"100" -0.01447 NA 0.06977 0.2066 -0.02591 0.2823 -0.05537 -0.2495 0.007855 NA 0.0707 -0.04194 0.1319 NA -0.0401 0.07428 0.1866 0.1146 0.2091 -0.1823 0.07449 NA -0.02918 -0.06814 0.306 0.1843 -0.4297 0.1184 -0.3063 -0.3533 NA -0.101 -0.0703 0.4491 0.1356 0.02377 0.05116 NA -0.1012 0.2048 0.2353 -0.03891 0.1539 0.003743 -0.08418 0.01852 0.07037 -0.172
"101" 0.03643 NA 0.1581 0.3921 -0.2724 0.2894 -0.4094 -0.1724 0.09943 NA 0.02036 0.02578 -0.2263 NA -0.09195 0.04939 0.02246 -0.3466 -0.1321 -0.02684 -0.144 NA 0.07003 -0.0393 -0.1289 0.2449 -0.02833 -0.2897 -0.566 -0.1065 NA -0.1254 -0.1088 -0.01565 -0.005513 0.002391 0.2059 NA -0.1973 0.1254 0.1104 0.09553 0.1422 -0.05117 -0.1096 -0.4422 0.1078 NA
"102" 0.03928 NA -0.1622 0.04972 -0.1927 0.1732 0.1267 -0.2324 -0.08738 NA 0.1191 0.1165 -0.3291 NA 0.03419 0.1464 -0.035 0.2739 -0.3636 -0.01785 -0.2875 NA 0.2293 -0.1841 0.1433 0.1546 -0.3653 -0.02233 -0.3178 -0.3108 NA 0.09403 -0.1421 -0.2845 -0.06802 -0.09218 0.2678 NA -0.1179 0.1703 0.06943 -0.1418 0.06804 0.08904 0.1872 -0.3389 0.08857 NA
"103" -0.01058 NA -0.007656 -0.01058 -0.217 0.2467 -0.078 -0.2735 0.05946 NA -0.07424 0.2125 -0.1028 NA 0.1318 0.1327 -0.08001 0.0792 0.4742 -0.2378 -0.1348 NA 0.04783 -0.1169 0.1746 -0.2081 -0.01905 -0.01143 -0.2216 -0.2934 NA 0.01927 -0.06925 -0.004315 0.1388 -0.02776 0.06025 NA -0.1915 0.2823 -0.1263 0.1288 0.1555 0.05046 -0.1359 -0.5361 0.01152 NA
"104" -0.005975 NA 0.1174 0.1991 -0.1202 0.2308 -0.04209 0.4212 0.02028 NA 0.2392 -0.00292 0.0679 NA 0.1912 -0.1798 -0.0176 0.1022 -0.05948 -0.09611 -0.1645 NA 0.03077 -0.1394 0.01116 0.1171 -0.192 -0.3033 -0.3626 -0.1013 NA -0.07604 -0.1924 -0.1604 0.01717 0.09849 0.2518 NA -0.1889 0.04764 0.1349 0.1545 0.2301 0.05066 0.08548 -0.3923 0.18 NA
"105" 0.00489 NA 0.1302 0.3606 0.03015 0.317 0.1703 NA 0.1924 NA 0.2465 0.2883 0.08921 NA 0.07135 0.1978 -0.03156 -0.1608 0.1474 -0.003864 -0.4013 NA 0.106 0.07888 0.156 -0.1428 -0.03261 -0.224 -0.2302 -0.3485 NA 0.172 -0.1782 0.04938 0.08953 0.1367 -0.1401 NA -0.2606 0.2513 -0.04799 0.09792 -0.09982 0.06565 0.07666 -0.252 -0.004165 NA
"106" 0.1138 NA 0.1129 0.1563 0.03273 0.08228 0.008481 NA -0.08067 NA -0.431 0.3773 -0.3084 NA NA 0.7017 0.1912 -0.09714 0.07195 -0.06597 -0.2572 NA -0.1851 0.1484 0.2773 -0.409 -0.3207 -0.05727 -0.2459 -0.1461 NA 0.1321 -0.2065 -0.6613 0.1278 0.1201 0.01037 NA -0.2412 -0.0479 -0.02086 0.1291 0.02712 -0.02612 0.02343 -0.438 0.101 NA
"107" 0.2754 NA 0.105 0.3376 -0.1336 0.1573 -0.7962 NA -0.03354 NA -0.04509 0.4917 0.05232 NA NA NA -0.1757 0.3072 -0.4203 -0.06819 -0.4299 NA -0.01716 -0.05727 -0.101 -0.22 0.1723 -0.1358 -0.4681 -0.2513 NA -0.2294 0.01079 0.1432 0.1096 0.01613 0.08137 NA -0.1706 0.05333 0.1445 -0.07279 0.3601 0.1629 0.03284 -0.1675 0.1104 NA
"108" -0.1056 NA -0.1762 0.1677 -0.1996 0.06542 -0.5012 NA 0.1022 NA 0.1204 0.1059 -0.03312 NA NA NA 0.08467 -0.2266 0.2196 -0.1787 -0.2483 NA -0.03177 -0.1157 -0.4401 -0.09305 -0.1388 -0.06191 -0.4339 -0.3282 NA 0.09085 -0.1247 NA -0.003419 0.06433 -0.04399 NA -0.09609 -0.2866 0.003862 0.1057 0.09162 0.09643 0.04724 -0.6018 -0.122 NA
"109" 0.36 NA -0.3072 -0.1302 -0.124 0.02924 0.3221 NA 0.03294 NA -0.07689 0.05923 0.3501 NA NA NA 0.08211 -0.07533 -0.2361 -0.1364 -0.04565 NA -0.1365 0.1321 -0.2496 -0.1052 0.03673 0.2661 -0.0298 -0.2841 NA 0.06602 -0.5275 NA 0.1499 0.09801 0.1933 NA -0.04044 0.2017 -0.1306 0.05024 0.02381 0.1021 0.02973 -0.2501 0.2612 NA
"110" 0.1605 NA 0.002553 0.06885 -0.2948 0.2752 0.004154 NA -0.01189 NA 0.1924 0.1467 0.3308 NA NA NA -0.07428 0.1475 0.2398 -0.05154 -0.2849 NA 0.1749 -0.1851 -0.5131 -0.1001 0.1045 -0.1142 0.02519 -0.1876 NA -0.1074 -0.3161 NA -0.096 0.0843 0.108 NA -0.09819 -0.02753 0.07553 0.07838 0.32 0.3384 0.0917 -0.5499 0.176 NA
"111" 0.04734 NA 0.1904 0.1597 NA NA -0.3935 NA 0.04496 NA 0.307 -0.05069 0.1387 NA NA NA 0.09795 -0.162 -0.3075 -0.02166 -0.3813 NA 0.1458 -0.1651 0.2506 -0.134 0.112 0.09931 0.05974 -0.0353 NA -0.1491 -0.2173 NA 0.1678 0.06438 0.2941 NA -0.0312 -0.03462 0.0646 -0.06557 0.1829 0.1696 0.04027 -0.6698 -0.01679 NA
"112" 0.08341 NA -0.1413 0.1876 NA NA 0.2074 NA -0.1706 NA 0.2212 0.254 -0.2165 NA NA NA -0.004016 -0.451 -0.2841 -0.1172 -0.3222 NA -0.1921 NA 0.2705 -0.2292 -0.5157 -0.04612 -0.06047 -0.4893 NA -0.1975 -0.1738 NA 0.1844 0.01784 0.2355 NA -0.1444 0.2149 -0.01083 0.06972 0.3994 0.05393 0.182 -0.7055 0.1432 NA
"113" 0.06235 NA 0.1602 0.1267 NA NA -0.11 NA 0.1564 NA 0.1618 NA 0.2924 NA NA NA 0.08776 NA NA -0.1225 -0.296 NA -0.3793 NA NA -0.446 -0.01806 NA -0.6694 0.08108 NA 0.1171 -0.1339 NA -0.01697 0.1305 0.2645 NA 0.06782 0.3853 0.08184 0.005753 NA -0.1149 -0.07549 -0.5853 0.2084 NA
"114" 0.01835 NA -0.06922 0.04335 NA NA 0.1161 NA 0.2668 NA 0.2841 NA -0.1977 NA NA NA 0.2146 NA NA -0.2583 -0.2586 NA -0.1276 NA NA -0.04839 -0.3639 NA 0.1829 -0.2604 NA -0.06319 -0.09667 NA 0.2422 -0.0615 0.04837 NA -0.1168 0.01554 0.1355 0.1702 NA 0.03729 0.06182 -0.3399 -0.1647 NA
"115" 0.2185 NA NA 0.1679 NA NA NA NA 0.07516 NA 0.3776 NA -0.02892 NA NA NA NA NA NA -0.0219 -0.1143 NA -0.3014 NA NA NA NA NA NA -0.1755 NA 0.1963 -0.0808 NA 0.2138 NA NA NA -0.1873 0.3513 NA 0.1633 NA -0.298 0.2964 -0.7085 NA NA
"116" 0.1478 NA NA 0.071 NA NA NA NA 0.1979 NA 0.2024 NA NA NA NA NA NA NA NA -0.3047 NA NA NA NA NA NA NA NA NA -0.4084 NA -0.2775 -0.2145 NA 0.09109 NA NA NA -0.02155 NA NA 0.1379 NA NA 0.09035 -0.5205 NA NA
"117" -0.02806 NA NA 0.236 NA NA NA NA NA NA -0.08318 NA NA NA NA NA NA NA NA -0.06082 NA NA NA NA NA NA NA NA NA NA NA NA -0.1065 NA -0.1124 NA NA NA -0.3307 NA NA 0.08887 NA NA 0.0972 -0.7522 NA NA
"118" NA NA NA NA NA NA NA NA NA NA NA NA NA NA NA NA NA NA NA -0.05672 NA NA NA NA NA NA NA NA NA NA NA NA NA NA NA NA NA NA NA NA NA NA NA NA 0.0203 NA NA NA
"119" NA NA NA NA NA NA NA NA NA NA NA NA NA NA NA NA NA NA NA NA NA NA NA NA NA NA NA NA NA NA NA NA NA NA NA NA NA NA NA NA NA NA NA NA NA NA NA NA
"120" NA NA NA NA NA NA NA NA NA NA NA NA NA NA NA NA NA NA NA NA NA NA NA NA NA NA NA NA NA NA NA NA NA NA NA NA NA NA NA NA NA NA NA NA NA NA NA NA
