"x"
0.0884691195587697
-0.197852031350574
-0.027973618946651
-0.286677298810681
0.133888570734416
-0.32311093371589
0.214960559362892
0.100902315007636
0.114260474030882
-0.0402956811976491
-0.270927138944632
-0.157155258492722
0.252918344208432
-0.0024265641630802
0.125805426124531
0.14129345411634
-0.288536482194919
0.253569241982507
0.172965083992781
0.100521056931407
0.0287591802026933
-0.0939509232264335
-0.00984543115715674
-0.4014936484798
-0.0363520299701513
0.532153641339918
-0.283723401234334
