"x"
0.0653894210745523
-0.0747794479572905
-0.116883116883117
0.0982923781757601
0.0822053311120367
-0.211624785968809
0.14043391011321
-0.492503123698459
-0.178675551853394
0.101346661113425
-0.133921472113892
-0.114888027424471
0.457448285436624
0.0196445925308899
0.205539358600583
-0.489046230737193
-0.0663265306122449
0.163959461335555
0.628904623073719
0.0912760708679076
0.235693461057893
-0.28179925031237
0.0503956684714702
-0.259839650145773
-0.252004373177843
0.31945022907122
0.27836886145924
